                           t                        norm                    position           analytic position             numerical width              analytic width
      0.0000000000000000E+00      0.9999999999999999E+00      0.1000000000000000E+00      0.1000000000000000E+00      0.4999999999999999E+00      0.5000000000000000E+00
      0.5000000000000000E-01      0.1000000000000000E+01      0.9987580544515326E-01      0.9987502603949663E-01      0.5018374109452699E+00      0.5024937810560445E+00
      0.1000000000000000E+00      0.9999999999999998E+00      0.9950352336828909E-01      0.9950041652780259E-01      0.5072919222726650E+00      0.5099019513592785E+00
      0.1500000000000000E+00      0.1000000000000000E+01      0.9888405795219311E-01      0.9887710779360423E-01      0.5161966038743042E+00      0.5220153254455275E+00
      0.2000000000000000E+00      0.9999999999999996E+00      0.9801891423177456E-01      0.9800665778412417E-01      0.5282924373810124E+00      0.5385164807134505E+00
      0.2500000000000000E+00      0.1000000000000000E+01      0.9691019518163332E-01      0.9689124217106448E-01      0.5432522654469384E+00      0.5590169943749475E+00
      0.3000000000000000E+00      0.1000000000000000E+01      0.9556059762328406E-01      0.9553364891256061E-01      0.5607066683502578E+00      0.5830951894845301E+00
      0.3500000000000000E+00      0.9999999999999997E+00      0.9397340693735254E-01      0.9393727128473789E-01      0.5802676367918576E+00      0.6103277807866851E+00
      0.4000000000000000E+00      0.9999999999999997E+00      0.9215249056283130E-01      0.9210609940028852E-01      0.6015475605738231E+00      0.6403124237432849E+00
      0.4500000000000000E+00      0.9999999999999999E+00      0.9010229026293790E-01      0.9004471023526769E-01      0.6241727375847630E+00      0.6726812023536856E+00
      0.5000000000000000E+00      0.1000000000000000E+01      0.8782781313541445E-01      0.8775825618903728E-01      0.6477918097807440E+00      0.7071067811865476E+00
      0.5500000000000000E+00      0.1000000000000000E+01      0.8533462134431084E-01      0.8525245220595057E-01      0.6720801381485951E+00      0.7433034373659253E+00
      0.6000000000000001E+00      0.9999999999999999E+00      0.8262882055051779E-01      0.8253356149096783E-01      0.6967412686061487E+00      0.7810249675906655E+00
      0.6500000000000000E+00      0.1000000000000000E+01      0.7971704701958070E-01      0.7960837985490560E-01      0.7215065142938094E+00      0.8200609733428363E+00
      0.7000000000000001E+00      0.9999999999999996E+00      0.7660645338765906E-01      0.7648421872844885E-01      0.7461334495793434E+00      0.8602325267042628E+00
      0.7500000000000000E+00      0.9999999999999998E+00      0.7330469306985783E-01      0.7316888688738209E-01      0.7704038756331560E+00      0.9013878188659973E+00
      0.8000000000000000E+00      0.1000000000000000E+01      0.6981990329954488E-01      0.6967067093471654E-01      0.7941216210708608E+00      0.9433981132056605E+00
      0.8500000000000001E+00      0.9999999999999999E+00      0.6616068679271940E-01      0.6599831458849821E-01      0.8171103951989435E+00      0.9861541461658011E+00
      0.9000000000000000E+00      0.9999999999999994E+00      0.6233609203823118E-01      0.6216099682706644E-01      0.8392118111704293E+00      0.1029563014098700E+01
      0.9500000000000001E+00      0.1000000000000001E+01      0.5835559222303500E-01      0.5816830894638835E-01      0.8602836317994613E+00      0.1073545527679195E+01
      0.1000000000000000E+01      0.9999999999999993E+00      0.5422906281208530E-01      0.5403023058681398E-01      0.8801982516796055E+00      0.1118033988749895E+01
      0.1050000000000000E+01      0.1000000000000000E+01      0.4996675781495197E-01      0.4975710478917270E-01      0.8988414072223881E+00      0.1162970334961301E+01
      0.1100000000000000E+01      0.1000000000000000E+01      0.4557928478503109E-01      0.4535961214255774E-01      0.9161110951089788E+00      0.1208304597359457E+01
      0.1150000000000000E+01      0.1000000000000000E+01      0.4107757861062113E-01      0.4084874408841572E-01      0.9319166751724897E+00      0.1253993620398445E+01
      0.1200000000000000E+01      0.1000000000000001E+01      0.3647287416781286E-01      0.3623577544766734E-01      0.9461781330944898E+00      0.1300000000000000E+01
      0.1250000000000000E+01      0.9999999999999999E+00      0.3177667791139176E-01      0.3153223623952687E-01      0.9588254797205572E+00      0.1346291201783626E+01
      0.1300000000000000E+01      0.1000000000000000E+01      0.2700073848165878E-01      0.2674988286245874E-01      0.9697982661798588E+00      0.1392838827718412E+01
      0.1350000000000000E+01      0.1000000000000000E+01      0.2215701640458119E-01      0.2190066870930415E-01      0.9790451966965820E+00      0.1439618004888797E+01
      0.1400000000000000E+01      0.9999999999999993E+00      0.1725765296390432E-01      0.1699671429002408E-01      0.9865238236745241E+00      0.1486606874731851E+01
      0.1450000000000000E+01      0.1000000000000000E+01      0.1231493833053402E-01      0.1205027693673664E-01      0.9922003121838697E+00      0.1533786165017797E+01
      0.1500000000000000E+01      0.1000000000000000E+01      0.7341279048109868E-02      0.7073720166770291E-02      0.9960492633590846E+00      0.1581138830084190E+01
      0.1550000000000000E+01      0.1000000000000000E+01      0.2349164992442491E-02      0.2079482780309243E-02      0.9980535884586248E+00      0.1628649747490233E+01
      0.1600000000000000E+01      0.9999999999999998E+00     -0.2648864057975638E-02     -0.2919952230128882E-02      0.9982044274794201E+00      0.1676305461424021E+01
      0.1650000000000000E+01      0.9999999999999998E+00     -0.7640252087886815E-02     -0.7912088880673409E-02      0.9965011082875965E+00      0.1724093964956667E+01
      0.1700000000000000E+01      0.1000000000000000E+01     -0.1261246058749186E-01     -0.1288444942955249E-01      0.9929511442327095E+00      0.1772004514666935E+01
      0.1750000000000000E+01      0.9999999999999998E+00     -0.1755300221181278E-01     -0.1782460556494921E-01      0.9875702701624659E+00      0.1820027472320130E+01
      0.1800000000000000E+01      0.9999999999999996E+00     -0.2244947420581362E-01     -0.2272020946930871E-01      0.9803825186638666E+00      0.1868154169226941E+01
      0.1850000000000000E+01      0.9999999999999994E+00     -0.2728959145558701E-01     -0.2755902468245129E-01      0.9714203402572800E+00      0.1916376789673680E+01
      0.1900000000000000E+01      0.1000000000000000E+01     -0.3206121903845125E-01     -0.3232895668635036E-01      0.9607247732114997E+00      0.1964688270438850E+01
      0.1950000000000000E+01      0.1000000000000000E+01     -0.3675240415613655E-01     -0.3701808313512871E-01      0.9483456706899481E+00      0.2013082213919740E+01
      0.2000000000000000E+01      0.1000000000000000E+01     -0.4135140734448054E-01     -0.4161468365471424E-01      0.9343419951389863E+00      0.2061552812808830E+01
      0.2050000000000000E+01      0.1000000000000000E+01     -0.4584673286039891E-01     -0.4610726913767132E-01      0.9187821922310333E+00      0.2110094784600919E+01
      0.2100000000000000E+01      0.1000000000000001E+01     -0.5022715815311245E-01     -0.5048461045998576E-01      0.9017446592860759E+00      0.2158703314492290E+01
      0.2150000000000000E+01      0.1000000000000000E+01     -0.5448176233264988E-01     -0.5473576654802710E-01      0.8833183258636704E+00      0.2207374005464411E+01
      0.2200000000000000E+01      0.9999999999999993E+00     -0.5859995355529377E-01     -0.5885011172553459E-01      0.8636033669931530E+00      0.2256102834535695E+01
      0.2250000000000000E+01      0.9999999999999997E+00     -0.6257149525334138E-01     -0.6281736227227391E-01      0.8427120719801530E+00      0.2304886114323222E+01
      0.2300000000000000E+01      0.9999999999999991E+00     -0.6638653114545236E-01     -0.6662760212798245E-01      0.8207698933184515E+00      0.2353720459187964E+01
      0.2350000000000000E+01      0.9999999999999999E+00     -0.7003560897372270E-01     -0.7027130767735540E-01      0.7979166999582317E+00      0.2402602755346793E+01
      0.2400000000000000E+01      0.9999999999999996E+00     -0.7350970292413500E-01     -0.7373937155412458E-01      0.7743082554004618E+00      0.2451530134426253E+01
      0.2450000000000000E+01      0.1000000000000000E+01     -0.7680023469768907E-01     -0.7702312540473075E-01      0.7501179312011568E+00      0.2500499950009998E+01
      0.2500000000000000E+01      0.1000000000000000E+01     -0.7989909320991588E-01     -0.8011436155469337E-01      0.7255386464920540E+00      0.2549509756796392E+01
      0.2550000000000000E+01      0.9999999999999999E+00     -0.8279865290621416E-01     -0.8300535352352224E-01      0.7007849882210159E+00      0.2598557292037257E+01
      0.2600000000000000E+01      0.9999999999999999E+00     -0.8549179068926184E-01     -0.8568887533689473E-01      0.6760954069694294E+00      0.2647640458974745E+01
      0.2650000000000000E+01      0.9999999999999996E+00     -0.8797190146244124E-01     -0.8815821958782862E-01      0.6517342894390369E+00      0.2696757312032360E+01
      0.2700000000000000E+01      0.1000000000000000E+01     -0.9023291229968122E-01     -0.9040721420170612E-01      0.6279935707352285E+00      0.2745906043549196E+01
      0.2750000000000000E+01      0.1000000000000000E+01     -0.9226929525732297E-01     -0.9243023786324636E-01      0.6051933614084596E+00      0.2795084971874737E+01
      0.2800000000000000E+01      0.9999999999999990E+00     -0.9407607884754256E-01     -0.9422223406686583E-01      0.5836808337061379E+00      0.2844292530665579E+01
      0.2850000000000000E+01      0.9999999999999999E+00     -0.9564885819557303E-01     -0.9577872375530905E-01      0.5638263764565352E+00      0.2893527259246057E+01
      0.2900000000000000E+01      0.1000000000000000E+01     -0.9698380390449213E-01     -0.9709581651495908E-01      0.5460158768593809E+00      0.2942787793912433E+01
      0.2950000000000000E+01      0.9999999999999998E+00     -0.9807766965175362E-01     -0.9817022029984541E-01      0.5306380728505176E+00      0.2992072860075436E+01
      0.3000000000000000E+01      0.9999999999999998E+00     -0.9892779854101794E-01     -0.9899924966004454E-01      0.5180664386725629E+00      0.3041381265149110E+01
      0.3050000000000000E+01      0.9999999999999998E+00     -0.9953212823128088E-01     -0.9958083245390613E-01      0.5086361707092060E+00      0.3090711892105118E+01
      0.3100000000000000E+01      0.1000000000000000E+01     -0.9988919486289564E-01     -0.9991351502732795E-01      0.5026184677046720E+00      0.3140063693621517E+01
      0.3150000000000000E+01      0.1000000000000000E+01     -0.9999813579697137E-01     -0.9999646584713420E-01      0.5001960012781542E+00      0.3189435686763413E+01
      0.3200000000000000E+01      0.1000000000000000E+01     -0.9985869118094437E-01     -0.9982947757947531E-01      0.5014444379635657E+00      0.3238826948140330E+01
      0.3250000000000000E+01      0.1000000000000000E+01     -0.9947120434898256E-01     -0.9941296760805463E-01      0.5063243118272550E+00      0.3288236609491476E+01
      0.3300000000000000E+01      0.1000000000000000E+01     -0.9883662106148597E-01     -0.9874797699088650E-01      0.5146852973727767E+00      0.3337663853655727E+01
      0.3350000000000000E+01      0.1000000000000000E+01     -0.9795648758342390E-01     -0.9783616785819342E-01      0.5262817945401413E+00      0.3387107910887989E+01
      0.3400000000000000E+01      0.1000000000000000E+01     -0.9683294759678346E-01     -0.9667981925794610E-01      0.5407960773369479E+00      0.3436568055487917E+01
      0.3450000000000000E+01      0.1000000000000000E+01     -0.9546873793814498E-01     -0.9528182145943048E-01      0.5578641317168082E+00      0.3486043602710672E+01
      0.3500000000000000E+01      0.9999999999999999E+00     -0.9386718314850863E-01     -0.9364566872907965E-01      0.5770998562544787E+00      0.3535533905932738E+01
      0.3550000000000000E+01      0.9999999999999999E+00     -0.9203218881911281E-01     -0.9177545059662759E-01      0.5981148653740846E+00      0.3585038354048671E+01
      0.3600000000000000E+01      0.9999999999999999E+00     -0.8996823371430614E-01     -0.8967584163341470E-01      0.6205328552473117E+00      0.3634556369077250E+01
      0.3650000000000000E+01      0.9999999999999992E+00     -0.8768036065072848E-01     -0.8735208976839377E-01      0.6439987857398336E+00      0.3684087403957729E+01
      0.3700000000000000E+01      0.9999999999999992E+00     -0.8517416611128246E-01     -0.8481000317104082E-01      0.6681838266688954E+00      0.3733630940518894E+01
      0.3750000000000000E+01      0.1000000000000000E+01     -0.8245578857263676E-01     -0.8205593573395609E-01      0.6927872179894229E+00      0.3783186487605389E+01
      0.3800000000000000E+01      0.9999999999999999E+00     -0.7953189552612841E-01     -0.7909677119144165E-01      0.7175360979280997E+00      0.3832753579347360E+01
      0.3850000000000000E+01      0.1000000000000000E+01     -0.7640966917373718E-01     -0.7593990591375079E-01      0.7421841320916086E+00      0.3882331773560833E+01
      0.3900000000000000E+01      0.1000000000000000E+01     -0.7309679078316721E-01     -0.7259323042001399E-01      0.7665095384598084E+00      0.3931920650267500E+01
      0.3950000000000000E+01      0.1000000000000000E+01     -0.6960142368930006E-01     -0.6906510965605077E-01      0.7903128995848452E+00      0.3981519810323691E+01
      0.4000000000000000E+01      0.9999999999999998E+00     -0.6593219493398003E-01     -0.6536436208636119E-01      0.8134149995760388E+00      0.4031128874149275E+01
      0.4050000000000000E+01      0.9999999999999997E+00     -0.6209817554295635E-01     -0.6150023765255744E-01      0.8356548166330171E+00      0.4080747480548141E+01
      0.4100000000000001E+01      0.1000000000000000E+01     -0.5810885944819584E-01     -0.5748239465332686E-01      0.8568877323889187E+00      0.4130375285612677E+01
      0.4150000000000000E+01      0.9999999999999999E+00     -0.5397414107538399E-01     -0.5332087560371544E-01      0.8769839767882528E+00      0.4180011961705373E+01
      0.4200000000000000E+01      0.9999999999999997E+00     -0.4970429162921203E-01     -0.4902608213406995E-01      0.8958273029380499E+00      0.4229657196511321E+01
      0.4250000000000000E+01      0.1000000000000000E+01     -0.4530993412154932E-01     -0.4460874899137929E-01      0.9133138738199789E+00      0.4279310692155923E+01
      0.4300000000000000E+01      0.1000000000000000E+01     -0.4080201719846528E-01     -0.4007991720799755E-01      0.9293513373970091E+00      0.4328972164382672E+01
      0.4350000000000001E+01      0.9999999999999999E+00     -0.3619178783054863E-01     -0.3545090650481311E-01      0.9438580654856089E+00      0.4378641341786286E+01
      0.4400000000000000E+01      0.9999999999999997E+00     -0.3149076293715591E-01     -0.3073328699784194E-01      0.9567625328838650E+00      0.4428317965096906E+01
      0.4450000000000000E+01      0.1000000000000001E+01     -0.2671070002005846E-01     -0.2593885027896261E-01      0.9680028154824272E+00      0.4478001786511480E+01
      0.4500000000000000E+01      0.9999999999999993E+00     -0.2186356688675273E-01     -0.2107957994307797E-01      0.9775261887619159E+00      0.4527692569068709E+01
      0.4550000000000000E+01      0.9999999999999994E+00     -0.1696151054982326E-01     -0.1616762163536865E-01      0.9852888108298055E+00      0.4577390086064328E+01
      0.4600000000000001E+01      0.9999999999999999E+00     -0.1201682539690612E-01     -0.1121525269350540E-01      0.9912554767936018E+00      0.4627094120503711E+01
      0.4650000000000000E+01      0.1000000000000000E+01     -0.7041920736049293E-02     -0.6234851460699166E-02      0.9953994337374715E+00      0.4676804464589043E+01
      0.4700000000000000E+01      0.9999999999999998E+00     -0.2049287832777720E-02     -0.1238866346289056E-02      0.9977022478585836E+00      0.4726520919238590E+01
      0.4750000000000000E+01      0.9999999999999992E+00      0.2948533433355472E-02      0.3760215288797655E-02      0.9981537174489415E+00      0.4776243293635700E+01
      0.4800000000000001E+01      0.1000000000000000E+01      0.7938988155073903E-02      0.8749898343944728E-02      0.9967518274121334E+00      0.4825971404805462E+01
      0.4850000000000001E+01      0.1000000000000000E+01      0.1290954008185482E-01      0.1371771121009082E-01      0.9935027429197205E+00      0.4875705077217038E+01
      0.4900000000000000E+01      0.1000000000000001E+01      0.1784770525459627E-01      0.1865123694225758E-01      0.9884208416771586E+00      0.4925444142409901E+01
      0.4950000000000000E+01      0.9999999999999997E+00      0.2274108544307623E-01      0.2353814429544512E-01      0.9815287861232502E+00      0.4975188438642300E+01
      0.5000000000000000E+01      0.1000000000000000E+01      0.2757740124294291E-01      0.2836621854632262E-01      0.9728576387708266E+00      0.5024937810560445E+01
